2 19301
 119306
22 38324
015 910
59 6698
3 22374
016 1066
23 25834
4 12153
017 1288
24 60557
5 11599
018 1365
25 52086
70 10879
6 47080
71 26703
26 12943
019 1454
7 44243
27 14288
72 6099
8 92114
28 61134
73 12809
9 1324
74 3145
29 22410
75 9997
76 11960
40 9113
77 17686
41 12676
42 13494
43 32442
44 28950
45 6095
001 1871
46 16858
002 3026
47 1330
003 1244
10 6849
48 6939
004 2232
11 6005
49 23902
005 1752
12 2984
13 5770
006 1499
14 11530
007 2030
60 8614
15 18418
008 2420
009 1278
16 16004
61 20846
62 5431
17 8414
18 3506
63 9672
19 22280
020 841
64 4846
65 14557
022 2388
66 23113
67 24763
30 17341
31 13301
68 21355
024 593
69 22121
32 79418
025 1506
33 13955
34 6188
35 12639
36 2437
37 3913
38 14219
39 8097
50 4291
51 7683
52 4187
53 13175
54 2731
010 1406
55 2661
011 1723
012 2622
56 10618
57 5086
20 5776
0 20
21 14266
58 9495
1 20775
014 612
