2222 960
1412 341
2 232423
0314 2765
1331 650
 592989
22 70059
0233 378
015 26
1124 2202
1413 93
2223 831
0234 709
0522 807
1332 307
3 188136
2511 1891
1125 446
016 1625
23 79541
1414 305
4 115527
0235 144
0811 1324
2512 519
1333 319
1621 132
0523 1164
017 159
24 245653
2431 108
2432 1147
2513 418
1622 391
5 146275
0524 1088
0731 365
018 150
25 85085
0812 316
1623 350
0732 381
6 199479
2433 289
0813 814
26 105305
2514 331
019 231
1911 213
0814 837
7 164898
1831 171
1011 749
27 229457
0733 1191
1912 665
2515 1497
1624 595
8 162441
1012 594
0734 434
0121 34
0815 629
28 282065
1913 972
1832 192
1914 172
0735 618
9 155832
2111 71
0122 342
1833 197
1013 795
29 143525
031 1
1915 111
1221 157
0411 603
1014 603
2112 1559
0123 784
1834 187
2031 645
2032 1267
0331 736
2113 755
1222 1535
0124 123
0412 3244
0332 912
1511 447
1223 601
40 63265
0413 1115
2033 135
0333 730
2322 206
1512 1311
41 62571
1224 1257
0414 3089
0621 1281
1431 294
2323 358
0622 1544
42 259842
1432 416
1513 507
0334 276
1225 249
2531 619
0623 959
0911 334
2324 138
43 79244
1433 400
0831 1882
2532 67
0624 1734
0912 1301
1722 275
44 87692
1434 178
45 63791
1723 1705
0832 108
0913 363
2533 601
001 381
1111 1926
2534 1294
46 83477
1724 246
1931 289
0833 657
0914 277
002 44
47 62340
003 163
2535 1264
0915 451
0834 2239
0221 357
1112 364
1932 151
1031 1419
10 103547
1113 595
0222 922
48 61701
2211 1430
Ward 1
004 130
0835 1062
1933 200
11 84640
1032 516
0223 201
49 88903
2131 316
1114 338
005 49
1033 848
1934 49
0511 3376
12 76324
2212 2558
0224 570
1322 773
1034 792
0431 996
1115 330
1935 55
0512 2976
2132 1081
13 78289
006 87
2213 1018
14 82579
2133 588
0513 1141
007 36
1611 304
0225 236
1323 453
0432 1092
15 169327
008 1485
1324 676
1612 1611
1531 530
0433 1920
2422 477
2423 225
false 73
0722 2448
1613 212
009 175
16 179197
1532 1224
0434 448
1821 467
1614 313
2424 222
17 208729
1533 1342
0723 522
0111 259
18 102135
0931 361
0724 356
1822 540
0725 375
19 52653
1823 730
0112 340
020 65
0932 488
0933 1031
1824 270
0113 331
1211 2822
0726 1302
0934 631
0114 55
2022 145
022 37
1131 372
1212 645
0321 1014
0322 732
0935 1677
1213 529
2311 287
30 86954
2023 32
1132 613
1133 771
1214 65
2024 124
31 86079
024 39
1421 743
0323 1002
0611 1191
2312 249
0612 454
1134 1024
0531 1095
2313 116
0324 873
32 106960
1215 198
025 378
2232 2859
1422 1230
1711 435
1135 1600
2233 3301
1423 556
33 61410
0613 2003
2521 398
0532 390
0533 1757
0614 872
0821 1790
2234 663
34 171702
1424 838
1712 738
2522 242
1631 360
2523 369
1632 404
35 83099
0822 823
1713 1075
1921 317
36 64254
0823 1120
2524 1646
1633 716
1021 967
0824 1620
1634 1397
37 167785
0211 1627
1922 292
2525 524
1022 1218
0131 443
0212 1076
1923 763
0825 1333
38 64429
0213 502
1311 663
true 7
1023 497
39 57384
0132 961
1924 124
1024 1846
1231 590
0421 1434
1312 1647
0214 373
0133 679
1925 95
2122 212
2123 858
1232 566
0422 224
2411 443
0134 327
0215 21
1313 548
1233 645
2331 54
0423 3853
2124 273
50 63987
0711 1503
2412 398
2413 447
0424 1359
0631 425
1522 554
1234 120
0712 736
2332 116
1523 1504
1235 283
0632 1357
1811 622
2333 102
0713 914
0633 428
1731 1843
1812 1362
0714 945
0921 362
1524 733
0922 402
1813 165
1732 791
0715 389
1651 29
0634 913
010 28
1814 280
2011 1140
011 59
1733 521
0923 386
012 109
0924 225
1121 359
2012 230
0311 455
1654 16
0231 956
20 204922
0312 544
2013 1311
0925 345
1122 1109
21 183563
2221 302
1123 1213
0313 681
0232 545
1 118888
014 124
1411 365
