2222 100
1412 28
2 72631
0314 578
1331 76
 120064
22 11246
0233 39
1124 290
2223 82
1413 3
0522 36
0234 125
1332 48
3 29257
2511 328
1125 80
23 17244
1414 39
4 27707
0235 56
0811 212
2512 34
1333 76
1621 24
0523 72
24 28878
2431 17
2432 229
2513 47
1622 45
5 28478
0524 81
0731 47
25 22383
0812 24
1623 42
0732 34
6 33801
2433 62
0813 150
26 19137
2514 43
1911 72
0814 50
7 24071
1831 41
1011 82
27 51620
0733 157
1912 133
2515 260
1624 59
8 27260
1012 67
0734 37
0121 7
0815 53
28 32030
1913 339
1832 47
1914 34
0735 49
9 22296
2111 18
0122 151
1833 82
1013 77
29 19469
1915 21
1221 31
0411 24
1014 86
2112 340
0123 362
1834 47
2031 50
2032 158
0331 52
2113 228
1222 207
0124 35
0412 582
0332 75
1511 35
1223 70
40 15493
0413 97
2033 25
0333 49
2322 12
1512 127
41 18440
1224 161
0414 410
0621 148
1431 50
2323 72
0622 440
42 133802
1432 47
1513 63
0334 18
1225 61
2531 65
0623 45
0911 50
2324 37
43 35262
1433 71
0831 211
2532 6
0624 185
0912 193
1722 24
44 33454
1434 24
45 16589
1723 245
0832 3
0913 49
2533 52
1111 273
2534 183
46 21568
1724 29
1931 39
0833 97
0914 32
47 20834
2535 102
0915 82
0834 381
0221 71
1112 50
1932 27
1031 213
10 16756
1113 59
0222 249
48 17181
2211 467
0835 131
1933 46
11 20161
1032 43
0223 58
49 19268
2131 39
1114 50
1033 113
1934 9
0511 582
12 15596
2212 567
0224 124
1322 83
1034 96
0431 92
1115 41
1935 9
0512 440
2132 347
13 20456
2213 182
14 15818
2133 310
0513 181
1611 35
0225 40
1323 76
0432 86
15 24230
1324 66
1612 318
1531 69
0433 285
2422 39
2423 32
0722 430
1613 21
16 22890
1532 112
0434 35
1821 70
1614 22
2424 26
17 28774
1533 135
0723 140
0111 73
18 18048
0931 74
0724 56
1822 82
0725 44
19 13204
1823 154
0112 149
0932 66
0933 131
1824 63
0113 120
1211 702
0726 261
0934 95
0114 31
2022 10
1131 29
1212 61
0321 90
0322 52
0935 248
1213 110
2311 82
30 15333
2023 3
1132 91
1133 82
1214 2
2024 14
31 16058
1421 65
0323 88
0611 147
2312 74
0612 30
1134 98
0531 97
2313 17
0324 93
32 44799
1215 33
2232 448
1422 102
1711 85
1135 214
2233 464
1423 36
33 12959
0613 229
2521 48
0532 29
0533 233
0614 74
0821 438
2234 53
34 24485
1424 119
1712 224
2522 19
1631 36
2523 42
1632 113
35 20642
0822 106
1713 288
1921 136
36 17705
0823 185
2524 225
1633 140
1021 125
0824 257
1634 209
37 26020
0211 327
1922 55
2525 52
1022 195
0131 52
0212 214
1923 180
0825 122
38 14616
0213 76
1311 30
1023 64
39 14233
0132 405
1924 21
1024 245
1231 129
0421 129
1312 258
0214 66
0133 117
1925 16
2122 31
2123 279
1232 143
0422 4
2411 88
0134 47
0215 7
1313 41
1233 94
0423 375
2124 51
50 16581
0711 359
2412 41
2413 59
0424 113
0631 14
1522 78
1234 15
0712 63
2332 20
1523 201
1235 49
0632 107
1811 275
2333 3
0713 140
0633 29
1731 245
1812 412
0714 173
0921 60
1524 90
0922 58
1813 29
1732 72
0715 40
1651 2
0634 51
1814 63
2011 294
1733 76
0923 47
0924 20
1121 26
2012 56
0311 50
0231 190
20 27727
0312 35
2013 231
0925 47
1122 116
21 36167
2221 26
1123 224
0313 64
0232 89
1 41474
1411 28
