2 77811
 592323
22 131661
015 8151
59 25970
3 91393
016 6829
23 195959
4 42706
017 7626
24 181958
5 36739
018 5184
25 396152
70 54958
6 125391
71 175134
0813 1
26 117676
019 6093
7 97686
27 115455
72 22378
8 218747
28 182114
73 71193
9 6018
74 13028
29 180837
75 48274
76 36235
40 66424
77 61008
41 40184
42 100167
1432 3
43 202124
44 134211
45 29475
001 6215
Community Area 1
46 113446
002 12690
47 9239
003 10716
10 25305
48 33418
004 19375
11 24958
49 161498
005 13796
0511 1
12 11327
13 19941
006 13159
14 55144
007 12488
60 40274
15 78643
008 16552
false 74
009 8738
16 69402
61 127296
62 24052
17 38048
18 14923
63 56450
19 113519
020 5031
64 24653
65 46335
022 13921
66 154249
67 182659
30 102746
31 59409
68 163535
024 3754
69 152612
32 152127
025 11680
33 47558
34 23329
35 66056
36 13918
37 21374
38 85677
39 33947
50 22833
51 40190
52 29251
53 101592
1812 1
54 26696
010 10843
55 13446
011 13262
012 16300
56 50200
57 21087
20 36865
0 91
21 58866
58 60294
1 96066
014 5762
