District 1
2222 2
0314 1
 47
0233 11
015 296265
1413 6
2223 3
0234 2
0522 3
1332 10
2511 1
016 223041
1414 1
0235 4
0811 5
2512 5
1621 3
1333 2
0523 2
017 194683
2431 2
2432 11
1622 11
0524 4
0731 1
018 306201
0812 2
1623 2
0732 2
2433 4
0813 886
2514 4
019 306060
1911 7
0814 196
1831 3
0733 6
2515 4
1912 13
1624 26
0121 18
0815 188
1913 12
1832 5
0735 5
0122 117
1833 6
1013 1
2031 8
1915 16
1221 3
0411 4
1014 1
0123 2
1834 94
031 194
2032 6
0331 2
2113 32
1222 3
0124 9
0412 7
0332 114
1511 10
 GROUNDS" 46
1223 20
0413 96
2033 1
0333 1
2322 26
1512 2
0414 3
0621 3
1431 2
2323 4
0622 10
1432 65
1513 5
0334 3
1225 1
2531 3
0623 15
0911 6
1433 11
2532 6
0624 3
0912 3
1722 88
1434 13
1723 10
0832 52
0913 12
2533 139
001 270794
1111 2
2534 9
1724 7
1931 1
0833 68
0914 34
002 318967
003 344412
2535 1
0915 3
0834 38
1932 40
1031 2
1113 10
0222 1
2211 8
004 376913
0835 5
1933 58
1032 1
0223 2
2131 1
1114 3
005 296502
1934 16
0511 29
2212 3
1322 1
1034 12
0431 2
0512 4
2132 7
006 391996
2213 1
0513 2
007 399591
1611 1
1323 10
0432 1
008 456498
1324 1
1612 4
1531 2
2422 4
2423 2
false 224824
1613 2
009 337377
0434 2
1821 4
1614 4
2424 4
1533 2
0723 1
0111 32
0931 1
0724 1
1822 19
0112 5
020 116914
0932 1
0933 1
1824 11
0113 106
1211 1
021 4
0934 3
0114 4
2022 3
022 215298
1131 4
1212 17
0321 2
0322 2
0935 1
1213 10
2311 2
2023 12
1132 4
1133 1
1214 8
2024 4
024 205144
1421 1
0323 6
0611 9
2312 2
0612 2
2313 2
0531 3
1134 1
0324 24
025 390337
2232 7
1422 3
1711 1
1135 5
2233 2
1423 2
0613 1
2521 85
0532 1
0821 28
0614 19
0533 1
2234 1
1712 4
1424 4
2522 22
1631 7
2523 27
1632 2
0822 1
1921 2
0823 8
2524 71
1633 1
1021 1
0824 3
1634 3
0211 2
1922 2
2525 1
1022 2
0131 19
0212 2
1923 12
0825 5
0213 3
true 3347
1023 4
0132 23
1924 1
1024 4
1231 2
0421 7
1312 2
0214 1
0133 17
1925 6
2122 3
2123 1
1232 4
0422 4
2411 5
0134 2
1313 1
1233 3
2331 3
0423 3
0711 2
2412 3
2413 4
0424 1
0631 7
1522 1
1234 1
0712 5
2332 5
1523 1
1235 9
0632 16
1811 4
2333 1
0633 1
1731 13
1812 1
0714 11
0921 15
1524 3
 BUILDING" 28
0922 56
1813 1
1732 8
0715 2
1651 794
0634 1
010 290003
1814 2
2011 20
011 436617
1733 28
0923 3
012 326970
0924 21
1121 25
2012 3
1653 1
0311 4
1654 765
0231 1
0312 2
2013 8
0925 13
1122 3
2221 10
1123 1
0313 2
014 269524
1411 16
